,dtfk1,ft1,dtsk1,dtfk2,ft2,dtsk2,dtfk3,ft3,dtsk3,dtfk4,ft4,dtsk4,dtfk5,ft5,dtsk5,dtfk6,ft6,dtsk6,dtfk7,ft7,dtsk7,dtfk8,ft8,dtsk8,dtfk9,ft9,dtsk9,dtfk10,ft10,dtsk10,dtfk11,ft11,dtsk11,dtfk12,ft12,dtsk12,dtfk13,ft13,dtsk13,dtfk14,ft14,dtsk14,sum,class
dtfk1,1.0,-0.10964940537671368,0.19437633830995707,0.06375793316066673,-0.07612846910110717,-0.05492600781095817,0.1887420005081587,-0.01979853278808643,0.11906437568159708,0.08402080081161811,0.06210200555347566,0.3695545519219059,-0.027853236062353282,-0.18335372803139843,0.0431932990008333,-0.13238153385837712,0.052880967140416735,0.2197668338494049,-0.0913287185769038,-0.15443684080689885,0.24349445439503412,-0.06221693624425237,-0.16238122413321102,-0.1590455914732983,0.04958408493348688,-0.11196902237724853,0.23250672750769727,-0.004174827197470258,-0.06624921862220567,-0.19096369477510367,0.02365213131793365,-0.046632603329378866,0.2762543870362768,-0.007413550140535868,-0.1233848661178659,-0.004110746208501866,0.18767403045931352,0.04994315918485172,0.1421306236968199,0.2999540555733854,0.099871803948101,0.3022319629272039,-0.06926059006765908,
ft1,-0.10964940537671368,1.0,0.060952900517916686,0.00947129196110619,0.10604740608577884,-0.04572861448457411,-0.06102098490235226,0.1279173988210714,0.03201473826833411,0.01166102201550694,-0.007021225202932124,-0.054700126697513715,-0.018237780119958556,0.28786853036065096,0.020356020875304477,-0.008291322741208697,0.042465566667669714,0.2571670600510263,-0.0046576926108724,-0.10897145286310755,0.05824095409714317,-0.020246259188270724,-0.022843919623164212,-0.029132434115866836,-0.09421072670705108,0.05646789394604689,0.06237128454914426,-0.030698076950126274,-0.0177046377023102,-0.011249108433812277,-0.07237468144524747,0.10513421714516065,-0.116024942560069,-0.05496667630751041,0.022691011371534488,0.0326411523057987,0.0379666323320418,-0.08007298627484058,-0.014853364755449044,-0.2721325110704468,0.12082068303548854,-0.10981837747351829,0.5064901482932356,
dtsk1,0.19437633830995707,0.060952900517916686,1.0,0.07382186347415802,-0.1402150111517994,0.19679724738260326,0.24267523893393914,0.06663823339470253,0.11699853312591892,0.17690299648721763,-0.02709996873382384,0.0705436377925101,-0.08403419850445441,-0.15956631917400127,0.0832632053367589,-0.058873569138809805,0.18187426362931333,0.022552740944800937,-0.01944650640422651,0.16756784572710998,0.0029296459443714637,0.06225158190492763,-0.17234098860658706,-0.23848241080339197,-0.17731933348149492,-0.39206330478887624,-0.023067686140838636,-0.03703518966830648,0.13476518124501644,-0.10673036443615813,0.20396687851132064,-0.09313043165569364,0.1804280170423392,0.05147310815238912,-0.17037552014164034,0.05784690075989581,0.005044820251955129,0.41439989749893125,-0.09814034003589901,0.043391139474946265,0.16145245321909385,0.37027711388538637,-0.09213315540785572,
dtfk2,0.06375793316066673,0.00947129196110619,0.07382186347415802,1.0,-0.2499487391879855,0.1598202745345259,0.2404095154456338,-0.0907623166163455,0.1360349928912006,0.24887157399948517,0.03695966830014049,0.3748278446176805,-0.0140797982587662,-0.10218115009997372,0.15622259351665166,-0.08761583694077946,0.1198478213737335,-0.020041030321743113,-0.11160400598292458,-0.0891853726700461,0.33711168301025063,0.3411860054591739,-0.16839926883486,-0.13903586928978667,0.2965742386365939,0.13377203202870952,-0.16169020702347317,-0.021546004643167343,-0.07584781385880454,-0.11842369362480927,0.2560875885173945,-0.23197524451024162,0.08956806983923808,0.04930372715951477,-0.06304877608837227,-0.08496917335771231,-0.059305305543928336,0.2625777438442837,-0.12329166554074517,0.29658699986557485,-0.12347950727894544,0.12717542903202253,0.10663391032119056,
ft2,-0.07612846910110717,0.10604740608577884,-0.1402150111517994,-0.2499487391879855,1.0,-0.07351278738983003,-0.13569894134009747,0.04013197827499569,-0.21247881403937774,-0.20474316923483293,0.27833208324454833,-0.14108143242228427,0.07836721294466016,0.2624664471415458,-0.19841095035300169,-0.010049877187772605,-0.0474257865658732,0.061785495135250015,0.030351219954747318,0.02964996415094254,0.06170147895356431,-0.08761431878267534,0.07634118987175234,0.07569161867543793,-0.04764440238775724,0.06528458514842586,0.19407137309003256,0.13005536223653236,-0.01956178943888296,0.07262238833225013,-0.11936171287671017,0.154550656462213,-0.1187752720420255,-0.08166415218681883,0.09729637890315614,0.016746969298738777,0.17901960644417347,-0.270478430120651,0.12542684301663226,-0.2512848018610707,0.027197211388570546,-0.07002319080767434,0.19281881963759614,
dtsk2,-0.05492600781095817,-0.04572861448457411,0.19679724738260326,0.1598202745345259,-0.07351278738983003,1.0,0.05862492087460731,0.17744595075283906,0.06537992983500551,0.1728974541060673,-0.05701192365331058,-0.040942307418067654,-0.01404581529365732,-0.08022167392770971,0.19312766945685134,-0.11602110221936769,0.06222555676833035,-0.10866110093552314,-0.017579868952386488,-0.013785023457423896,0.12377183403543605,0.12524848322882617,-0.18930623760227988,-0.23181729632247688,-0.030648074821658853,-0.21442685384084148,-0.06501864252181441,-0.05780628411137493,-0.10787359572214704,-0.0711946723958278,0.18077340025477473,-0.20852570989564898,0.2623195026057029,0.1268835312550668,-0.23737454002965208,-0.06916259940159081,-0.005651583932666017,0.05906339886576963,-0.20457172500051587,0.2731078028814076,-0.1895283946990688,0.12741440045118888,-0.12809642134165128,
dtfk3,0.1887420005081587,-0.06102098490235226,0.24267523893393914,0.2404095154456338,-0.13569894134009747,0.05862492087460731,1.0,-0.03481926919788411,0.3520162306320849,0.22633138366187838,-0.08966979756650295,-0.02411802933315554,-0.012763765600660587,-0.07072774827442889,0.28247721626867006,-0.18351362192000698,0.03324465587320755,0.18105019527455762,0.0034744762797625822,0.02120911840175029,-0.16236799911990668,0.18369747539466708,-0.07126266601503499,-0.042526238769058276,-0.15614365535682306,-0.00581514855702608,0.11351212613917963,-0.10728888492749218,-0.15874245497660655,-0.21655669742414,-0.02347710955641395,-0.05941728927535899,0.05542371840645224,0.34031902982308826,-0.1646918174611782,0.031023881832727345,-0.07542047390530307,0.11693985350493165,0.06829088480987146,0.1853402951775273,0.011903682406687325,0.1970723054113313,-0.034594748509373045,
ft3,-0.01979853278808643,0.1279173988210714,0.06663823339470253,-0.0907623166163455,0.04013197827499569,0.17744595075283906,-0.03481926919788411,1.0,-0.10495383004054866,0.012596355068983975,0.03494127216797646,-0.12297309409627911,-0.17780202652068433,-0.10856386857358018,0.09443698859809439,0.03443861496500095,0.3545298330253089,0.00601254645719505,-0.1092081677941417,0.3139103496376302,-0.09246734551492007,0.048203407369912916,-0.10972390853977033,-0.14366727980696575,-0.21876506863126674,-0.177915366735421,-0.13843938148592336,0.16874461399698076,0.06792526057012753,0.03240354533033488,0.10730928845036511,-0.03566216875647685,0.06494824520957658,0.03775597862344315,0.20610635756458381,0.06935541361993151,0.059729735821463195,0.13765113532567697,-0.024747272108674077,-0.1357491532670319,-0.07138104915096351,0.1257248347859814,0.0333000148606474,
dtsk3,0.11906437568159708,0.03201473826833411,0.11699853312591892,0.1360349928912006,-0.21247881403937774,0.06537992983500551,0.3520162306320849,-0.10495383004054866,1.0,0.377144241779234,0.020695641060336244,0.33950574664215594,0.10738089532948841,-0.01112915898229338,0.06686507229652223,-0.2927219517101538,0.044772351330632155,0.06546677983164281,0.11514138824480284,-0.1945394150575012,0.1819039888825998,0.19008988470543148,0.008526854109979347,0.01502971028663945,0.11444943758889906,0.18039481837950894,0.05988454065741947,-0.091637465152177,-0.14144594605709776,-0.10604774942763423,0.018756285998840473,-0.17445447207870624,0.13344683992864423,-0.03503838543588093,-0.21402870330863127,-0.24419032692992287,-0.09564522071340645,-0.035987710152908275,0.11572900761421898,0.0838367030745824,-0.12850728835403472,0.17279063855169743,0.07531261958471713,
dtfk4,0.08402080081161811,0.01166102201550694,0.17690299648721763,0.24887157399948517,-0.20474316923483293,0.1728974541060673,0.22633138366187838,0.012596355068983975,0.377144241779234,1.0,-0.23183609899546204,0.31410056338718456,-0.10768271961760703,-0.15180836030990472,0.2996742484211845,-0.0908291574439796,-0.11911482307345699,0.0871441287619492,-0.195573765997053,0.03511588588250497,0.1906174756784804,0.15956880146487742,0.2565988704969755,0.31073337700304515,0.22961919849840842,0.2919839545226663,-0.059236767068080995,-0.026823305574708495,-0.011930800105999284,-0.0723503935491289,0.18232709710099163,-0.1557931784095792,0.24907291606690032,-0.28021735553949073,-0.20727065357909613,-0.2702257537927693,0.381665736834602,0.13318618367221136,0.04883025135577729,0.3225947948542928,0.08355192623316618,0.3582517183185033,0.21898638800589423,
ft4,0.06210200555347566,-0.007021225202932124,-0.02709996873382384,0.03695966830014049,0.27833208324454833,-0.05701192365331058,-0.08966979756650295,0.03494127216797646,0.020695641060336244,-0.23183609899546204,1.0,0.11979353233630753,0.22376554106569096,0.2214971624352031,-0.2993377017090821,-0.06506259696408878,0.17542652994644278,-0.007014129923668487,0.08597704329851041,0.29428738641985075,-0.06077134226740475,-0.07977327478130518,-0.044263205106333435,-0.014818008135047129,-0.0987868352769574,0.052317739321298184,0.045135175641042205,0.6582387095210883,-0.08040847803046891,0.5066828967599318,-0.1923442653436878,0.21779625658431312,-0.0547912824579279,0.15656717265359235,0.2593881640358136,0.04491082220454574,0.003028989172761931,0.26572652300030775,-0.06586994225748243,-0.33332364591574337,-0.03843701344120955,0.10318587280124505,0.2752975931821073,
dtsk4,0.3695545519219059,-0.054700126697513715,0.0705436377925101,0.3748278446176805,-0.14108143242228427,-0.040942307418067654,-0.02411802933315554,-0.12297309409627911,0.33950574664215594,0.31410056338718456,0.11979353233630753,1.0,0.42101808459154005,0.12803788250913353,-0.10355164326587131,-0.13210251337769935,-0.25286356149665845,0.1167168037578707,-0.09870693134578817,-0.13397468805514687,0.33806060303396057,0.15884465950129992,0.07773023968479413,0.15736000557201907,0.38493107144350125,0.32488323953907217,-0.003246919830882308,-0.06351155724672564,-0.003426211316029236,-0.14370541379834478,0.1774036126230035,-0.054178331211980645,0.13070294633778634,-0.26619157470288396,-0.2904215856220941,-0.1957853213797281,0.14259489533093914,-0.036631725481587885,0.10846079950266849,0.3727967819104407,-0.14202947602929866,0.30066484644724956,0.2554932265657549,
dtfk5,-0.027853236062353282,-0.018237780119958556,-0.08403419850445441,-0.0140797982587662,0.07836721294466016,-0.01404581529365732,-0.012763765600660587,-0.17780202652068433,0.10738089532948841,-0.10768271961760703,0.22376554106569096,0.42101808459154005,1.0,0.760691847505767,-0.2223133645184071,-0.041724934980751985,-0.1950459944114177,0.05160662982796645,0.3982461854311636,0.09935205201377392,-0.060526551451725086,-0.04194899001445263,0.2703910458257872,0.3547421656175829,0.03947600317206238,0.11527283930681333,-0.05707884134585916,-0.07771262814216288,-0.06520182482817866,-0.08341967767009775,-0.2612431365741257,0.2326371297576627,-0.07040959996307414,-0.0573594563811948,-0.0636645945199042,-0.10028865281019805,-0.047791125284893536,-0.19231515940065663,-0.03471210730282701,-0.1417004437613013,0.017835919971421813,-0.09069396869185507,0.3118322404178127,
ft5,-0.18335372803139843,0.28786853036065096,-0.15956631917400127,-0.10218115009997372,0.2624664471415458,-0.08022167392770971,-0.07072774827442889,-0.10856386857358018,-0.01112915898229338,-0.15180836030990472,0.2214971624352031,0.12803788250913353,0.760691847505767,1.0,-0.279071230869011,-0.013107891564950212,-0.10881824982695211,0.1354659324185712,0.3559864537932668,0.14812346105035581,-0.018744465843285357,-0.05898018094108778,0.3272008886270004,0.36365171675596386,0.01652935609411065,0.22457563243587864,0.09972763900332804,-0.05790737067681807,-0.055718592624571725,-0.05503064850380964,-0.31502658856040067,0.28186953130096926,-0.12895918761655367,-0.0751191673625638,0.0027819927583484744,-0.05509041843110396,0.07478938684780721,-0.2372329793209004,-0.02014114415607556,-0.35655382191189355,0.14383299698650676,-0.17533715965155458,0.5127123203223526,
dtsk5,0.0431932990008333,0.020356020875304477,0.0832632053367589,0.15622259351665166,-0.19841095035300169,0.19312766945685134,0.28247721626867006,0.09443698859809439,0.06686507229652223,0.2996742484211845,-0.2993377017090821,-0.10355164326587131,-0.2223133645184071,-0.279071230869011,1.0,-0.03504784254845717,-0.15322445583175362,0.15007306042967994,-0.13717107591308028,-0.09673273371981433,-0.027041511147775643,0.306552095681098,0.06865852484683328,0.15070781560219876,0.07616334466346902,0.12121428596558206,-0.03793274591445564,-0.07171207220563561,-0.02649731158685079,-0.1558326904968539,0.059000696635070515,0.0014026926751439497,0.14152361608083716,0.1929143510890168,-0.19855912378098967,0.055017497701659264,0.06160959329539395,0.0914826965568379,0.03498418844537567,0.34941891930220836,-0.16916686245809034,0.16477619255327822,0.09003485517200865,
dtfk6,-0.13238153385837712,-0.008291322741208697,-0.058873569138809805,-0.08761583694077946,-0.010049877187772605,-0.11602110221936769,-0.18351362192000698,0.03443861496500095,-0.2927219517101538,-0.0908291574439796,-0.06506259696408878,-0.13210251337769935,-0.041724934980751985,-0.013107891564950212,-0.03504784254845717,1.0,-0.11045515340789958,0.06421839534537804,-0.02457893103496011,0.11323841932869397,-0.10367470809938094,-0.03787217058446956,-0.03679057826528729,-0.022739448478853227,-0.10709351114179469,-0.029354807148831555,-0.026930383259441425,-0.11383535594723557,0.8456244947869631,-0.07933561205855594,-0.039872808448069216,0.08088885282848866,0.06256964295809489,0.04134184489649749,0.00939033519681606,0.5482200541372976,-0.08726007008318652,0.22589798518951476,-0.10754396899536756,-0.10176869732398118,0.09351821144808045,-0.15762066600898472,0.1182184035565631,
ft6,0.052880967140416735,0.042465566667669714,0.18187426362931333,0.1198478213737335,-0.0474257865658732,0.06222555676833035,0.03324465587320755,0.3545298330253089,0.044772351330632155,-0.11911482307345699,0.17542652994644278,-0.25286356149665845,-0.1950459944114177,-0.10881824982695211,-0.15322445583175362,-0.11045515340789958,1.0,-0.30794863750985946,0.02141616544169009,0.15300772411357252,-0.06511827347714653,-0.13210809372987675,-0.20125099684572095,-0.2740168907996763,-0.23099496562884447,-0.39775934215758063,-0.03683977714214768,0.16848702380561714,-0.04729154830395186,0.09295319182661028,0.11458753486835202,-0.2588267152477084,-0.06439706894863943,0.1335004118603461,0.23718902538590445,-0.03336424382035974,0.08736519909241443,0.27203075272034616,-0.13720586712106198,-0.13032105602064403,0.013320047462861149,0.1162350986897778,-0.15271709078805315,
dtsk6,0.2197668338494049,0.2571670600510263,0.022552740944800937,-0.020041030321743113,0.061785495135250015,-0.10866110093552314,0.18105019527455762,0.00601254645719505,0.06546677983164281,0.0871441287619492,-0.007014129923668487,0.1167168037578707,0.05160662982796645,0.1354659324185712,0.15007306042967994,0.06421839534537804,-0.30794863750985946,1.0,-0.2018384294382431,-0.07406960676579043,0.054678362991708945,0.019675783620115742,0.10294963471430033,0.09492847062715973,0.0631335838232609,0.11753928174215976,0.23814035447852744,0.048524476402161766,0.07947312193351816,-0.03968434106000976,-0.14632776328875108,0.20873564528701363,-0.01053076081597066,0.2135921290485557,-0.061184472561746465,0.14004418448154363,0.06617705782967995,0.11430016505143885,0.13682972623506479,0.017837069591651482,0.05329204584565512,-0.006005466620737294,0.3721632193816492,
dtfk7,-0.0913287185769038,-0.0046576926108724,-0.01944650640422651,-0.11160400598292458,0.030351219954747318,-0.017579868952386488,0.0034744762797625822,-0.1092081677941417,0.11514138824480284,-0.195573765997053,0.08597704329851041,-0.09870693134578817,0.3982461854311636,0.3559864537932668,-0.13717107591308028,-0.02457893103496011,0.02141616544169009,-0.2018384294382431,1.0,-0.08603770298670993,-0.09922352191608022,-0.15272867743718951,0.031503940876743596,0.04306324496311776,0.053586738659406566,0.0026038676234361366,-0.029780717580072967,-0.036647586488315474,-0.010291521196375334,-0.007759393568334322,-0.12501381067322945,-0.0765346684410198,0.04943362784975865,-0.06949261943416972,-0.011173612648964291,-0.02035800053496629,-0.016829462368175566,0.11558478833178545,-0.1465213276089656,-0.3191414879058581,0.25977530399501403,-0.2862691914775369,0.10014279639011056,
ft7,-0.15443684080689885,-0.10897145286310755,0.16756784572710998,-0.0891853726700461,0.02964996415094254,-0.013785023457423896,0.02120911840175029,0.3139103496376302,-0.1945394150575012,0.03511588588250497,0.29428738641985075,-0.13397468805514687,0.09935205201377392,0.14812346105035581,-0.09673273371981433,0.11323841932869397,0.15300772411357252,-0.07406960676579043,-0.08603770298670993,1.0,-0.12623785545880534,-0.15118429157221536,0.24046144606856112,0.23041557439019078,-0.19517994843005732,-0.007042618450208717,-0.11366440699920347,0.3214986666603912,0.15758938484222398,0.24938429682000882,0.0765991011346289,-0.06468557474129967,-0.12219263001112926,0.022007351944985484,0.2499998417107205,0.06085339198440541,0.06040480863694054,0.23120468750617962,0.09763906086903235,-0.1976481945356202,0.1080443370875756,0.238811203418002,0.18566515021016278,
dtsk7,0.24349445439503412,0.05824095409714317,0.0029296459443714637,0.33711168301025063,0.06170147895356431,0.12377183403543605,-0.16236799911990668,-0.09246734551492007,0.1819039888825998,0.1906174756784804,-0.06077134226740475,0.33806060303396057,-0.060526551451725086,-0.018744465843285357,-0.027041511147775643,-0.10367470809938094,-0.06511827347714653,0.054678362991708945,-0.09922352191608022,-0.12623785545880534,1.0,0.10188450927882635,0.14463663566077112,0.1425272494750958,0.34112000467361964,0.21545770432791553,0.12252014213375843,-0.027536615282770235,0.028554223888906265,-0.0744672231518496,0.16006439473799738,-0.00395561064636078,0.13933544751538257,-0.25333120471583953,-0.16239206626361483,0.06831540953529856,-0.041906388163972096,-0.005984567633630474,-0.03886915295449553,0.270760071121099,-0.181667335180305,-0.04049489617666016,0.2305529923476932,
dtfk8,-0.06221693624425237,-0.020246259188270724,0.06225158190492763,0.3411860054591739,-0.08761431878267534,0.12524848322882617,0.18369747539466708,0.048203407369912916,0.19008988470543148,0.15956880146487742,-0.07977327478130518,0.15884465950129992,-0.04194899001445263,-0.05898018094108778,0.306552095681098,-0.03787217058446956,-0.13210809372987675,0.019675783620115742,-0.15272867743718951,-0.15118429157221536,0.10188450927882635,1.0,-0.12179837101086341,-0.10514443416343515,0.09832564352223941,0.24399704929542107,-0.062299913701428095,-0.006902810717897434,-0.0741934033387882,-0.09975004886805065,0.10890709769383787,0.01414767234454943,0.17503705214333862,0.10947530656154138,-0.012896655083373851,0.056759035198231333,0.07907864637920106,-0.007227182806176538,0.05218238438867215,0.3144396892449381,-0.020804724629211527,0.09617609036687969,0.1176232058477529,
ft8,-0.16238122413321102,-0.022843919623164212,-0.17234098860658706,-0.16839926883486,0.07634118987175234,-0.18930623760227988,-0.07126266601503499,-0.10972390853977033,0.008526854109979347,0.2565988704969755,-0.044263205106333435,0.07773023968479413,0.2703910458257872,0.3272008886270004,0.06865852484683328,-0.03679057826528729,-0.20125099684572095,0.10294963471430033,0.031503940876743596,0.24046144606856112,0.14463663566077112,-0.12179837101086341,1.0,0.8523312543851547,0.24490837781297442,0.43503192723274653,-0.1319039211013971,0.0070367528508054784,-0.012487294423891244,-0.04950786534662428,-0.17650240812373255,0.15729439391792402,-0.1469244129162473,-0.10390855405321665,-0.01680188808527429,-0.17541023445451,0.0615549470106239,-0.15548313072026068,0.1609190128814735,-0.028696923222025748,-0.03482189077941825,-0.05097633812011085,0.49080358838793203,
dtsk8,-0.1590455914732983,-0.029132434115866836,-0.23848241080339197,-0.13903586928978667,0.07569161867543793,-0.23181729632247688,-0.042526238769058276,-0.14366727980696575,0.01502971028663945,0.31073337700304515,-0.014818008135047129,0.15736000557201907,0.3547421656175829,0.36365171675596386,0.15070781560219876,-0.022739448478853227,-0.2740168907996763,0.09492847062715973,0.04306324496311776,0.23041557439019078,0.1425272494750958,-0.10514443416343515,0.8523312543851547,1.0,0.36703207302368207,0.5492047149772158,-0.10797668994394392,0.012446358316148464,-0.03562846689823915,-0.01946597694742437,-0.23843496459320054,0.21301675319267924,-0.15266123042476087,-0.0970580607070498,0.029978819135903986,-0.16900651223748392,0.09072260790596252,-0.17650799161825884,0.216715860986809,-0.0024197788242211805,-0.07339937281019199,-0.010771055303831836,0.5773147247680966,
dtfk9,0.04958408493348688,-0.09421072670705108,-0.17731933348149492,0.2965742386365939,-0.04764440238775724,-0.030648074821658853,-0.15614365535682306,-0.21876506863126674,0.11444943758889906,0.22961919849840842,-0.0987868352769574,0.38493107144350125,0.03947600317206238,0.01652935609411065,0.07616334466346902,-0.10709351114179469,-0.23099496562884447,0.0631335838232609,0.053586738659406566,-0.19517994843005732,0.34112000467361964,0.09832564352223941,0.24490837781297442,0.36703207302368207,1.0,0.5572260447827915,-0.2801051174228146,-0.10072965827268089,-0.014394232758377997,-0.07689767496393496,0.12798747906596686,-0.10732192917265079,0.09489645370887319,-0.10251542608361806,-0.10284796561236494,-0.10165647712695264,0.16726071357657837,-0.0258190780180994,0.22136984908860022,0.26400516034278754,-0.16485587363213108,0.06156077205472348,0.4301487028091761,
ft9,-0.11196902237724853,0.05646789394604689,-0.39206330478887624,0.13377203202870952,0.06528458514842586,-0.21442685384084148,-0.00581514855702608,-0.177915366735421,0.18039481837950894,0.2919839545226663,0.052317739321298184,0.32488323953907217,0.11527283930681333,0.22457563243587864,0.12121428596558206,-0.029354807148831555,-0.39775934215758063,0.11753928174215976,0.0026038676234361366,-0.007042618450208717,0.21545770432791553,0.24399704929542107,0.43503192723274653,0.5492047149772158,0.5572260447827915,1.0,-0.06355662883325718,-0.030325410494347345,-0.030000899455120047,-0.0027411524853011354,0.018683984565528913,0.025109989832459184,0.14205825268528866,-0.13539630079997458,-0.0938683992697147,-0.10614839035168712,0.10311717448173739,-0.18057173570215723,0.282670083369116,0.07239882853347275,-0.09763370889393852,-0.017088920114906352,0.6101924006304675,
dtsk9,0.23250672750769727,0.06237128454914426,-0.023067686140838636,-0.16169020702347317,0.19407137309003256,-0.06501864252181441,0.11351212613917963,-0.13843938148592336,0.05988454065741947,-0.059236767068080995,0.045135175641042205,-0.003246919830882308,-0.05707884134585916,0.09972763900332804,-0.03793274591445564,-0.026930383259441425,-0.03683977714214768,0.23814035447852744,-0.029780717580072967,-0.11366440699920347,0.12252014213375843,-0.062299913701428095,-0.1319039211013971,-0.10797668994394392,-0.2801051174228146,-0.06355662883325718,1.0,-0.03477062361094463,-0.04980276489384623,-0.032706166582577266,-0.17588283981920125,-0.03056728668382962,0.11398865868152488,0.021771791898054026,-0.015130625447993254,-0.012390820106474036,-0.008595625093766887,0.04971716809820593,-0.12493807900233833,0.008555747190223546,-0.13613822228701528,-0.216609056064915,-0.04007655895817432,
dtfk10,-0.004174827197470258,-0.030698076950126274,-0.03703518966830648,-0.021546004643167343,0.13005536223653236,-0.05780628411137493,-0.10728888492749218,0.16874461399698076,-0.091637465152177,-0.026823305574708495,0.6582387095210883,-0.06351155724672564,-0.07771262814216288,-0.05790737067681807,-0.07171207220563561,-0.11383535594723557,0.16848702380561714,0.048524476402161766,-0.036647586488315474,0.3214986666603912,-0.027536615282770235,-0.006902810717897434,0.0070367528508054784,0.012446358316148464,-0.10072965827268089,-0.030325410494347345,-0.03477062361094463,1.0,-0.12618156130084196,0.8388441950255657,-0.053403446486734195,0.2051722662717482,-0.02697066970596929,-0.05644831657426875,0.49290160799792226,-0.059514265992166804,0.11075253925882833,0.33512596105390524,0.012423444080725593,-0.23141038961506655,0.11107494251442032,0.09147171701543182,0.21491289491967963,
ft10,-0.06624921862220567,-0.0177046377023102,0.13476518124501644,-0.07584781385880454,-0.01956178943888296,-0.10787359572214704,-0.15874245497660655,0.06792526057012753,-0.14144594605709776,-0.011930800105999284,-0.08040847803046891,-0.003426211316029236,-0.06520182482817866,-0.055718592624571725,-0.02649731158685079,0.8456244947869631,-0.04729154830395186,0.07947312193351816,-0.010291521196375334,0.15758938484222398,0.028554223888906265,-0.0741934033387882,-0.012487294423891244,-0.03562846689823915,-0.014394232758377997,-0.030000899455120047,-0.04980276489384623,-0.12618156130084196,1.0,-0.02563850629861684,0.20845691486355195,0.05183243712658376,0.09525061103139475,-0.005808550868252537,-0.1686447954234579,0.5836792985015267,-0.045518964222271245,0.281085690276499,-0.06999625607854204,-0.08551039314695058,0.14461033803348228,0.04926978574819751,0.17625247336447847,
dtsk10,-0.19096369477510367,-0.011249108433812277,-0.10673036443615813,-0.11842369362480927,0.07262238833225013,-0.0711946723958278,-0.21655669742414,0.03240354533033488,-0.10604774942763423,-0.0723503935491289,0.5066828967599318,-0.14370541379834478,-0.08341967767009775,-0.05503064850380964,-0.1558326904968539,-0.07933561205855594,0.09295319182661028,-0.03968434106000976,-0.007759393568334322,0.24938429682000882,-0.0744672231518496,-0.09975004886805065,-0.04950786534662428,-0.01946597694742437,-0.07689767496393496,-0.0027411524853011354,-0.032706166582577266,0.8388441950255657,-0.02563850629861684,1.0,0.12162977914552525,0.1597108066766197,-0.12706069576770124,-0.08697912871775275,0.374276133819519,-0.10464067624564792,-0.031953428561767507,0.21623490931908826,-0.09624503881357149,-0.32240048085858336,0.003392333502155942,-0.03246359686088237,0.1431624071681983,
dtfk11,0.02365213131793365,-0.07237468144524747,0.20396687851132064,0.2560875885173945,-0.11936171287671017,0.18077340025477473,-0.02347710955641395,0.10730928845036511,0.018756285998840473,0.18232709710099163,-0.1923442653436878,0.1774036126230035,-0.2612431365741257,-0.31502658856040067,0.059000696635070515,-0.039872808448069216,0.11458753486835202,-0.14632776328875108,-0.12501381067322945,0.0765991011346289,0.16006439473799738,0.10890709769383787,-0.17650240812373255,-0.23843496459320054,0.12798747906596686,0.018683984565528913,-0.17588283981920125,-0.053403446486734195,0.20845691486355195,0.12162977914552525,1.0,-0.6177150239625522,0.10819765521433919,-0.2954831429261704,-0.1255357747959313,-0.02149497290256656,0.06197952073390688,0.16427852749372077,-0.019921864096021428,0.11167471485891893,0.05994540337845609,0.2945828196218178,-0.10929116583127055,
ft11,-0.046632603329378866,0.10513421714516065,-0.09313043165569364,-0.23197524451024162,0.154550656462213,-0.20852570989564898,-0.05941728927535899,-0.03566216875647685,-0.17445447207870624,-0.1557931784095792,0.21779625658431312,-0.054178331211980645,0.2326371297576627,0.28186953130096926,0.0014026926751439497,0.08088885282848866,-0.2588267152477084,0.20873564528701363,-0.0765346684410198,-0.06468557474129967,-0.00395561064636078,0.01414767234454943,0.15729439391792402,0.21301675319267924,-0.10732192917265079,0.025109989832459184,-0.03056728668382962,0.2051722662717482,0.05183243712658376,0.1597108066766197,-0.6177150239625522,1.0,-0.19501084647787403,0.14496564379320886,-0.00746479627978379,0.3076263877444794,-0.023574740951428905,-0.21638186254595326,-0.11040223981637566,-0.18483702719377182,0.10981721958340897,-0.1438436347502189,0.21579715704023186,
dtsk11,0.2762543870362768,-0.116024942560069,0.1804280170423392,0.08956806983923808,-0.1187752720420255,0.2623195026057029,0.05542371840645224,0.06494824520957658,0.13344683992864423,0.24907291606690032,-0.0547912824579279,0.13070294633778634,-0.07040959996307414,-0.12895918761655367,0.14152361608083716,0.06256964295809489,-0.06439706894863943,-0.01053076081597066,0.04943362784975865,-0.12219263001112926,0.13933544751538257,0.17503705214333862,-0.1469244129162473,-0.15266123042476087,0.09489645370887319,0.14205825268528866,0.11398865868152488,-0.02697066970596929,0.09525061103139475,-0.12706069576770124,0.10819765521433919,-0.19501084647787403,1.0,-0.09791625184849585,-0.1556641841507145,-0.032859768744060915,0.008598047766480963,0.1020501869332616,0.05923357968475547,0.28771640037332125,-0.04460165824468997,0.08534944494680691,0.0015000697540709553,
dtfk12,-0.007413550140535868,-0.05496667630751041,0.05147310815238912,0.04930372715951477,-0.08166415218681883,0.1268835312550668,0.34031902982308826,0.03775597862344315,-0.03503838543588093,-0.28021735553949073,0.15656717265359235,-0.26619157470288396,-0.0573594563811948,-0.0751191673625638,0.1929143510890168,0.04134184489649749,0.1335004118603461,0.2135921290485557,-0.06949261943416972,0.022007351944985484,-0.25333120471583953,0.10947530656154138,-0.10390855405321665,-0.0970580607070498,-0.10251542608361806,-0.13539630079997458,0.021771791898054026,-0.05644831657426875,-0.005808550868252537,-0.08697912871775275,-0.2954831429261704,0.14496564379320886,-0.09791625184849585,1.0,-0.0861847890539962,0.1318832189849279,-0.12809953619641032,0.06974332313830248,-0.05745251615833359,0.10711535986168667,-0.16856598744272588,0.07848007583498806,0.03277990712264991,
ft12,-0.1233848661178659,0.022691011371534488,-0.17037552014164034,-0.06304877608837227,0.09729637890315614,-0.23737454002965208,-0.1646918174611782,0.20610635756458381,-0.21402870330863127,-0.20727065357909613,0.2593881640358136,-0.2904215856220941,-0.0636645945199042,0.0027819927583484744,-0.19855912378098967,0.00939033519681606,0.23718902538590445,-0.061184472561746465,-0.011173612648964291,0.2499998417107205,-0.16239206626361483,-0.012896655083373851,-0.01680188808527429,0.029978819135903986,-0.10284796561236494,-0.0938683992697147,-0.015130625447993254,0.49290160799792226,-0.1686447954234579,0.374276133819519,-0.1255357747959313,-0.00746479627978379,-0.1556641841507145,-0.0861847890539962,1.0,-0.1479638113110294,-0.045380276084526584,0.16304612177200542,0.14860489718526276,-0.44615719837132334,0.11589513820385723,-0.30745453311341897,0.04215869516895502,
dtsk12,-0.004110746208501866,0.0326411523057987,0.05784690075989581,-0.08496917335771231,0.016746969298738777,-0.06916259940159081,0.031023881832727345,0.06935541361993151,-0.24419032692992287,-0.2702257537927693,0.04491082220454574,-0.1957853213797281,-0.10028865281019805,-0.05509041843110396,0.055017497701659264,0.5482200541372976,-0.03336424382035974,0.14004418448154363,-0.02035800053496629,0.06085339198440541,0.06831540953529856,0.056759035198231333,-0.17541023445451,-0.16900651223748392,-0.10165647712695264,-0.10614839035168712,-0.012390820106474036,-0.059514265992166804,0.5836792985015267,-0.10464067624564792,-0.02149497290256656,0.3076263877444794,-0.032859768744060915,0.1318832189849279,-0.1479638113110294,1.0,-0.005141273128699841,0.2038582175698787,-0.11168226250683137,0.02297352783991757,0.2431876779897399,0.02980278308858205,0.0824752111564323,
dtfk13,0.18767403045931352,0.0379666323320418,0.005044820251955129,-0.059305305543928336,0.17901960644417347,-0.005651583932666017,-0.07542047390530307,0.059729735821463195,-0.09564522071340645,0.381665736834602,0.003028989172761931,0.14259489533093914,-0.047791125284893536,0.07478938684780721,0.06160959329539395,-0.08726007008318652,0.08736519909241443,0.06617705782967995,-0.016829462368175566,0.06040480863694054,-0.041906388163972096,0.07907864637920106,0.0615549470106239,0.09072260790596252,0.16726071357657837,0.10311717448173739,-0.008595625093766887,0.11075253925882833,-0.045518964222271245,-0.031953428561767507,0.06197952073390688,-0.023574740951428905,0.008598047766480963,-0.12809953619641032,-0.045380276084526584,-0.005141273128699841,1.0,0.037930099099842865,0.1422067215719254,0.25211096488181467,0.531226777080698,0.4022141519514569,0.22384184896915502,
ft13,0.04994315918485172,-0.08007298627484058,0.41439989749893125,0.2625777438442837,-0.270478430120651,0.05906339886576963,0.11693985350493165,0.13765113532567697,-0.035987710152908275,0.13318618367221136,0.26572652300030775,-0.036631725481587885,-0.19231515940065663,-0.2372329793209004,0.0914826965568379,0.22589798518951476,0.27203075272034616,0.11430016505143885,0.11558478833178545,0.23120468750617962,-0.005984567633630474,-0.007227182806176538,-0.15548313072026068,-0.17650799161825884,-0.0258190780180994,-0.18057173570215723,0.04971716809820593,0.33512596105390524,0.281085690276499,0.21623490931908826,0.16427852749372077,-0.21638186254595326,0.1020501869332616,0.06974332313830248,0.16304612177200542,0.2038582175698787,0.037930099099842865,1.0,-0.14542299772783723,-0.020833376150719497,0.0373889640610461,0.11116428992379061,0.07546037440385026,
dtsk13,0.1421306236968199,-0.014853364755449044,-0.09814034003589901,-0.12329166554074517,0.12542684301663226,-0.20457172500051587,0.06829088480987146,-0.024747272108674077,0.11572900761421898,0.04883025135577729,-0.06586994225748243,0.10846079950266849,-0.03471210730282701,-0.02014114415607556,0.03498418844537567,-0.10754396899536756,-0.13720586712106198,0.13682972623506479,-0.1465213276089656,0.09763906086903235,-0.03886915295449553,0.05218238438867215,0.1609190128814735,0.216715860986809,0.22136984908860022,0.282670083369116,-0.12493807900233833,0.012423444080725593,-0.06999625607854204,-0.09624503881357149,-0.019921864096021428,-0.11040223981637566,0.05923357968475547,-0.05745251615833359,0.14860489718526276,-0.11168226250683137,0.1422067215719254,-0.14542299772783723,1.0,0.03950647858684936,-0.054810520993749265,0.3287704983130558,0.18337111853164367,
dtfk14,0.2999540555733854,-0.2721325110704468,0.043391139474946265,0.29658699986557485,-0.2512848018610707,0.2731078028814076,0.1853402951775273,-0.1357491532670319,0.0838367030745824,0.3225947948542928,-0.33332364591574337,0.3727967819104407,-0.1417004437613013,-0.35655382191189355,0.34941891930220836,-0.10176869732398118,-0.13032105602064403,0.017837069591651482,-0.3191414879058581,-0.1976481945356202,0.270760071121099,0.3144396892449381,-0.028696923222025748,-0.0024197788242211805,0.26400516034278754,0.07239882853347275,0.008555747190223546,-0.23141038961506655,-0.08551039314695058,-0.32240048085858336,0.11167471485891893,-0.18483702719377182,0.28771640037332125,0.10711535986168667,-0.44615719837132334,0.02297352783991757,0.25211096488181467,-0.020833376150719497,0.03950647858684936,1.0,-0.2032402705883985,0.3995905187859085,-0.13051519374530382,
ft14,0.099871803948101,0.12082068303548854,0.16145245321909385,-0.12347950727894544,0.027197211388570546,-0.1895283946990688,0.011903682406687325,-0.07138104915096351,-0.12850728835403472,0.08355192623316618,-0.03843701344120955,-0.14202947602929866,0.017835919971421813,0.14383299698650676,-0.16916686245809034,0.09351821144808045,0.013320047462861149,0.05329204584565512,0.25977530399501403,0.1080443370875756,-0.181667335180305,-0.020804724629211527,-0.03482189077941825,-0.07339937281019199,-0.16485587363213108,-0.09763370889393852,-0.13613822228701528,0.11107494251442032,0.14461033803348228,0.003392333502155942,0.05994540337845609,0.10981721958340897,-0.04460165824468997,-0.16856598744272588,0.11589513820385723,0.2431876779897399,0.531226777080698,0.0373889640610461,-0.054810520993749265,-0.2032402705883985,1.0,0.1995436798306428,0.06446086892851234,
dtsk14,0.3022319629272039,-0.10981837747351829,0.37027711388538637,0.12717542903202253,-0.07002319080767434,0.12741440045118888,0.1970723054113313,0.1257248347859814,0.17279063855169743,0.3582517183185033,0.10318587280124505,0.30066484644724956,-0.09069396869185507,-0.17533715965155458,0.16477619255327822,-0.15762066600898472,0.1162350986897778,-0.006005466620737294,-0.2862691914775369,0.238811203418002,-0.04049489617666016,0.09617609036687969,-0.05097633812011085,-0.010771055303831836,0.06156077205472348,-0.017088920114906352,-0.216609056064915,0.09147171701543182,0.04926978574819751,-0.03246359686088237,0.2945828196218178,-0.1438436347502189,0.08534944494680691,0.07848007583498806,-0.30745453311341897,0.02980278308858205,0.4022141519514569,0.11116428992379061,0.3287704983130558,0.3995905187859085,0.1995436798306428,1.0,0.05884348926054048,
sum,-0.06926059006765908,0.5064901482932356,-0.09213315540785572,0.10663391032119056,0.19281881963759614,-0.12809642134165128,-0.034594748509373045,0.0333000148606474,0.07531261958471713,0.21898638800589423,0.2752975931821073,0.2554932265657549,0.3118322404178127,0.5127123203223526,0.09003485517200865,0.1182184035565631,-0.15271709078805315,0.3721632193816492,0.10014279639011056,0.18566515021016278,0.2305529923476932,0.1176232058477529,0.49080358838793203,0.5773147247680966,0.4301487028091761,0.6101924006304675,-0.04007655895817432,0.21491289491967963,0.17625247336447847,0.1431624071681983,-0.10929116583127055,0.21579715704023186,0.0015000697540709553,0.03277990712264991,0.04215869516895502,0.0824752111564323,0.22384184896915502,0.07546037440385026,0.18337111853164367,-0.13051519374530382,0.06446086892851234,0.05884348926054048,1.0,
class,,,,,,,,,,,,,,,,,,,,,,,,,,,,,,,,,,,,,,,,,,,,
